+79168324290
+79104681397
+79165556848
+79032334973
+79167159994
+79037756180
+79096376135
+79037566444
+79276409049
+79036156536
+79036239319
+79166574373
+79104155812
+79164333295
+79166126614
+79262531834
+79167927180
+79167927177
+79151274770
+79164730236
+79153442215
+79153973898
+79151591149
+79164751363
+79686800334
+79057462322
+79067234864
+79260897045
+79150612059
+79161372544
+79035633893
+79036772737
+79039618795
+79164588364
+79175757075
+79772927852
+79276409049
+79153796013
+79168838485
+79197233972
+79169324000
+79165460557
+79154991446
+79296737420
+79647102166
+79661544830
+79652524278
+79199601915
+79037880361
+79055911751
+79032691033
+79261011671
+79060598986
+79254718845
+79263669201
+79268151076
+79651799453
+79254693772
+79055616020
+79267998462
+79267978634
+79647913260
+79161907913
+79166558326
+79036234206
+79057590007
+79096480560
+79055609380
+79031757775
+79262481932
+79037001789
+79091605725
+79165099126
+79091610874
+79269917728
+79255313037
+79031779970
+79032734139
+79057213711
+79645527935
+79257045697
+79152222150
+79269302247
+79060920518
+79154337760
+79653629645
+79096622187
+79037138244
+79265654177
+79252809180
+79032742139
+79251311344
+79060994067
+79153582565
+79035410685
+79266201452
+79250527302
+79165059264
+79262195292
+79254996857