+79646339910
+79032117386
+79295808931
+79258297129
+79261286251
+79057617939
+79267617187
+79057617939
+79169202607
+79253614038
+79162516600
+79295991754
+79153163224
+79031663546
+79036295279
+79055047352
+79057224484
+79035702223
+79852327410
+79686095151
+79165771602
+79851991508
+79857778340
+79037004554
+79032390835
+79031637014
+79037461996
+79647941054
+79671576570
+79032489330
+79260564720
+79166279355
+79166581977
+79160513769
+79266463670
+79263463900
+79036831249
+79067540495
+79671349118
+79254048035
+79161268450
+79168239302
+79036173655
+79260180244
+79296232399
+79676525893
+79269093478
+79250080800
+79164126434
+79266547746
+79268249413
+79852637252
+79152526680
+79057474026
+79775485332
+79268548976
+79256460009
+79853866399
+79153449292
+79035517634
+79035517670
+79645251451
+79637183883
+79037756180
+79037566444
+79262465031
+79776155950
+79037417527
+79035378974
+79055153857
+79166202328
+79154661666
+79169532626
+79168786484
+79164647987
+79166005338
+79055887724
+79629656020
+79161927884
+79036783859
+79852254170
+79169605464
+79165002550
+79161927860
+79852666201
+79031490400
+79854756428
+79164421872
+79162198699
+79197786753
+79685266625
+79167091894
+79269944796
+79260252950
+79030020184
+79162441239
+79165114431
+79035500894
+79055199066
+79031087799