+79266944572
+79161496671
+79266084254
+79260178117
+79261304434
+79255051168
+79163751602
+79035773848
+79296010445
+79857796898
+79299799017
+79295425275
+79096397017
+79588224596
+79067896825
+79646464695
+79168535203
+79055386198
+79104437837
+79262583712
+79266706961
+79688269755
+79099699641
+79853606889
+79637827329
+79161762992
+79252228909
+79261771117
+79653025698
+79653026597
+79299966137
+79853007760
+79166168854
+79266375250
+79857756982
+79055112180
+79096407947
+79165240937
+79647651618
+79647053553
+79261547735
+79169170386
+79036640391
+79629996276
+79032446105
+79661444044
+79060346448
+79251775638
+79267597775
+79163498149
+79616501059
+79672581066
+79162512258
+79067918970
+79165414441
+79265036780
+79269630157
+79037730918
+79652335433
+79175461449
+79036132777
+79163080490
+79265816324
+79150172066
+79257114814
+79169608363
+79252085084
+79258913775
+79036721654
+79032332119
+79264213140
+79255423571
+79262374864
+79295621761
+79031461930
+79295621765
+79067423882
+79150013423
+79031499852
+79636715622
+79037743157
+79032835141
+79260411504
+79150659553
+79151507088
+79151507496
+79166497871
+79056116837
+79057032602
+79055965703
+79163106664
+79268927076
+79035992021
+79265710850
+79268313821
+79031779647
+79689219037
+79099310592
+79262756135
+79683825556