+79295621761
+79251705806
+79296256750
+79160700702
+79261560363
+79032989224
+79104412002
+79654410666
+79654416666
+79262082129
+79099888471
+79269851910
+79998740957
+79163929843
+79653082289
+79191062528
+79163522196
+79060717898
+79036735413
+79067340818
+79671853102
+79039758878
+79251983057
+79067169353
+79251711040
+79295450114
+79851642020
+79153163224
+79914015471
+79037461996
+79032742139
+79269549302
+79639911586
+79163522196
+79057462322
+79191062528
+79773576626
+79260483211
+79165150012
+79104642842
+79253835168
+79165729216
+79637871011
+79295595536
+79166581977
+79175281668
+79160513769
+79166865004
+79166924126
+79163929843
+79652189148
+79165500100
+79036890270
+79859872543
+79160976048
+79104291074
+79265275164
+79152510133
+79653082289
+79266466171
+79035949797
+79035275062
+79057076396
+79057382672
+79163594968
+79168612897
+79261304434
+79168525000
+79253835160
+79269809272
+79266466171
+79104425224
+79035604615
+79647621815
+79268456564
+79259101075
+79295711570
+79104513578
+79165189175
+79039703504
+79057566556
+79057387013
+79166126327
+79104387825
+79859980271
+79683624443
+79165006389
+79266358904
+79670858062
+79035552364
+79653421592
+79036774423
+79161372544
+79167152246
+79266720048
+79262486002
+79166557507
+79165712530
+79637871011
+79169595706