+79175561617
+79164282821
+79252184339
+79055800704
+79661240200
+79262860868
+79104520534
+79687156998
+79055721487
+79858894768
+79295474189
+79267198182
+79152222150
+79252946865
+79914015471
+79295991754
+79153163224
+79253230963
+79058297129
+79165307958
+79261304434
+79671531813
+79036894443
+79859960864
+79686095151
+79257045118
+79257045697
+79606822526
+79166557507
+79672581066
+79859960864
+79654270997
+79683624443
+79262798721
+79866500880
+79035702223
+79296180878
+79165829587
+79168212695
+79160740522
+79190300604
+79168535209
+79154336107
+79154336307
+79154336781
+79039758878
+79166187918
+79264551926
+79175497505
+79264588938
+79032040231
+79252250603
+79037692200
+79641401141
+79266070047
+79261194488
+79165046049
+79688311587
+79057278560
+79636822526
+79676525893
+79060970025
+79164557923
+79253237233
+79036894443
+79104188303
+79153582565
+79032616752
+79037085334
+79163751602
+79035773848
+79262789598
+79091610874
+79267335400
+79104437837
+79262673638
+79629321659
+79057224484
+79164665448
+79250288680
+79166007070
+79037622533
+79031074834
+79259267268
+79166276252
+79296059830
+79268624045
+79268506630
+79037001789
+79850696929
+79175497505
+79264588938
+79036735579
+79039722824
+79036677402
+79629404770
+79268606881
+79030158210
+79639682005
+79037906889
+79853606889
+79099699642
+79099699643
+79099699641
+79166507189
+79267297368
+79152481076
+79037596435
+79688477081
+79166253601
+79639611823
+79175561617
+79166239280
+79161670392
+79037712994
+79251661489
+79057625837
+79688477081
+79252658472
+79065284176
+79057278560
+79152925964
+79091615395
+79035856046
+79296161218
