+79168324290
+79104681397
+79165556848
+79032334973
+79167159994
+79037756180
+79096376135
+79037566444
+79276409049
+79036156536
+79036239319
+79166574373
+79104155812
+79164333295
+79166126614
+79262531834
+79167927180
+79167927177
+79151274770
+79164730236
+79153442215
+79153973898
+79151591149
+79164751363
+79686800334
+79057462322
+79067234864
+79260897045
+79150612059
+79161372544
+79035633893
+79036772737
+79039618795
+79164588364
+79175757075
+79772927852
+79276409049
+79153796013
+79168838485
+79197233972
+79169324000
+79165460557
+79154991446
+79296737420
+79647102166
+79661544830
+79652524278
+79199601915
+79037880361
+79055911751
+79032691033
+79261011671
+79060598986
+79254718845
+79263669201
+79268151076
+79651799453
+79254693772
+79055616020
+79267998462
+79267978634
+79647913260
+79161907913
+79166558326
+79036234206
+79057590007
+79096480560
+79055609380
+79031757775
+79262481932
+79037001789
+79091605725
+79165099126
+79091610874
+79269917728
+79255313037
+79031779970
+79032734139
+79057213711
+79645527935
+79257045697
+79152222150
+79269302247
+79060920518
+79154337760
+79653629645
+79096622187
+79037138244
+79265654177
+79252809180
+79032742139
+79251311344
+79060994067
+79153582565
+79035410685
+79266201452
+79250527302
+79165059264
+79262195292
+79254996857
+79646339910
+79032117386
+79295808931
+79258297129
+79261286251
+79057617939
+79267617187
+79057617939
+79169202607
+79253614038
+79162516600
+79295991754
+79153163224
+79031663546
+79036295279
+79055047352
+79057224484
+79035702223
+79852327410
+79686095151
+79165771602
+79851991508
+79857778340
+79037004554
+79032390835
+79031637014
+79037461996
+79647941054
+79671576570
+79032489330
+79260564720
+79166279355
+79166581977
+79160513769
+79266463670
+79263463900
+79036831249
+79067540495
+79671349118
+79254048035
+79161268450
+79168239302
+79036173655
+79260180244
+79296232399
+79676525893
+79269093478
+79250080800
+79164126434
+79266547746
+79268249413
+79852637252
+79152526680
+79057474026
+79775485332
+79268548976
+79256460009
+79853866399
+79153449292
+79035517634
+79035517670
+79645251451
+79637183883
+79037756180
+79037566444
+79262465031
+79776155950
+79037417527
+79035378974
+79055153857
+79166202328
+79154661666
+79169532626
+79168786484
+79164647987
+79166005338
+79055887724
+79629656020
+79161927884
+79036783859
+79852254170
+79169605464
+79165002550
+79161927860
+79852666201
+79031490400
+79854756428
+79164421872
+79162198699
+79197786753
+79685266625
+79167091894
+79269944796
+79260252950
+79030020184
+79162441239
+79165114431
+79035500894
+79055199066
+79031087799
+79266944572
+79161496671
+79266084254
+79260178117
+79261304434
+79255051168
+79163751602
+79035773848
+79296010445
+79857796898
+79299799017
+79295425275
+79096397017
+79588224596
+79067896825
+79646464695
+79168535203
+79055386198
+79104437837
+79262583712
+79266706961
+79688269755
+79099699641
+79853606889
+79637827329
+79161762992
+79252228909
+79261771117
+79653025698
+79653026597
+79299966137
+79853007760
+79166168854
+79266375250
+79857756982
+79055112180
+79096407947
+79165240937
+79647651618
+79647053553
+79261547735
+79169170386
+79036640391
+79629996276
+79032446105
+79661444044
+79060346448
+79251775638
+79267597775
+79163498149
+79616501059
+79672581066
+79162512258
+79067918970
+79165414441
+79265036780
+79269630157
+79037730918
+79652335433
+79175461449
+79036132777
+79163080490
+79265816324
+79150172066
+79257114814
+79169608363
+79252085084
+79258913775
+79036721654
+79032332119
+79264213140
+79255423571
+79262374864
+79295621761
+79031461930
+79295621765
+79067423882
+79150013423
+79031499852
+79636715622
+79037743157
+79032835141
+79260411504
+79150659553
+79151507088
+79151507496
+79166497871
+79056116837
+79057032602
+79055965703
+79163106664
+79268927076
+79035992021
+79265710850
+79268313821
+79031779647
+79689219037
+79099310592
+79262756135
+79683825556
+79295621761
+79251705806
+79296256750
+79160700702
+79261560363
+79032989224
+79104412002
+79654410666
+79654416666
+79262082129
+79099888471
+79269851910
+79998740957
+79163929843
+79653082289
+79191062528
+79163522196
+79060717898
+79036735413
+79067340818
+79671853102
+79039758878
+79251983057
+79067169353
+79251711040
+79295450114
+79851642020
+79153163224
+79914015471
+79037461996
+79032742139
+79269549302
+79639911586
+79163522196
+79057462322
+79191062528
+79773576626
+79260483211
+79165150012
+79104642842
+79253835168
+79165729216
+79637871011
+79295595536
+79166581977
+79175281668
+79160513769
+79166865004
+79166924126
+79163929843
+79652189148
+79165500100
+79036890270
+79859872543
+79160976048
+79104291074
+79265275164
+79152510133
+79653082289
+79266466171
+79035949797
+79035275062
+79057076396
+79057382672
+79163594968
+79168612897
+79261304434
+79168525000
+79253835160
+79269809272
+79266466171
+79104425224
+79035604615
+79647621815
+79268456564
+79259101075
+79295711570
+79104513578
+79165189175
+79039703504
+79057566556
+79057387013
+79166126327
+79104387825
+79859980271
+79683624443
+79165006389
+79266358904
+79670858062
+79035552364
+79653421592
+79036774423
+79161372544
+79167152246
+79266720048
+79262486002
+79166557507
+79165712530
+79637871011
+79169595706
+79175561617
+79164282821
+79252184339
+79055800704
+79661240200
+79262860868
+79104520534
+79687156998
+79055721487
+79858894768
+79295474189
+79267198182
+79152222150
+79252946865
+79914015471
+79295991754
+79153163224
+79253230963
+79058297129
+79165307958
+79261304434
+79671531813
+79036894443
+79859960864
+79686095151
+79257045118
+79257045697
+79606822526
+79166557507
+79672581066
+79859960864
+79654270997
+79683624443
+79262798721
+79866500880
+79035702223
+79296180878
+79165829587
+79168212695
+79160740522
+79190300604
+79168535209
+79154336107
+79154336307
+79154336781
+79039758878
+79166187918
+79264551926
+79175497505
+79264588938
+79032040231
+79252250603
+79037692200
+79641401141
+79266070047
+79261194488
+79165046049
+79688311587
+79057278560
+79636822526
+79676525893
+79060970025
+79164557923
+79253237233
+79036894443
+79104188303
+79153582565
+79032616752
+79037085334
+79163751602
+79035773848
+79262789598
+79091610874
+79267335400
+79104437837
+79262673638
+79629321659
+79057224484
+79164665448
+79250288680
+79166007070
+79037622533
+79031074834
+79259267268
+79166276252
+79296059830
+79268624045
+79268506630
+79037001789
+79850696929
+79175497505
+79264588938
+79036735579
+79039722824
+79036677402
+79629404770
+79268606881
+79030158210
+79639682005
+79037906889
+79853606889
+79099699642
+79099699643
+79099699641
+79166507189
+79267297368
+79152481076
+79037596435
+79688477081
+79166253601
+79639611823
+79175561617
+79166239280
+79161670392
+79037712994
+79251661489
+79057625837
+79688477081
+79252658472
+79065284176
+79057278560
+79152925964
+79091615395
+79035856046
+79296161218
















































































































































































































